siat@hzt:~/Documents/slambook/ch7/build$ ./pose_estimation_3_3d3d
3d-3d pairs: 3
W=4696.33     123    2763
    183      13     103
   1112      26     656
U= 0.972376 0.0456656 -0.228909
0.0375012  0.937374  0.346299
 0.230388 -0.345317  0.909768
V= 0.861662  0.204539 -0.464438
 0.022494  0.898887  0.437604
 0.506984 -0.387513  0.769935
ICP via SVD results: 
R = [0.9535138403822582, -0.03725076845750107, 0.2990380184003431;
 0.06320891770961796, 0.9949784347989045, -0.07760507075636959;
 -0.2946455309714655, 0.09289937854715749, 0.9510802892206818]
t = [-155.0835715233195;
 28.28069788618139;
 30.93216019823876]
R_inv = [0.9535138403822582, 0.06320891770961796, -0.2946455309714655;
 -0.03725076845750107, 0.9949784347989045, 0.09289937854715749;
 0.2990380184003431, -0.07760507075636959, 0.9510802892206818]
t_inv = [155.2007623236433;
 -36.78924519172843;
 19.15164160771659]


calling bundle adjustment
after optimization:
T=
  0.953514 -0.0372506   0.299038   -155.084
 0.0632086   0.994978 -0.0776046    28.2805
 -0.294646  0.0928988    0.95108    30.9321
         0          0          0          1
p1 = [43, 7, 404]
p2 = [78, 6, 416]
(R*p2+t) = [43.46681907029429;
 6.897154641675268;
 404.156605369551]

p1 = [-38, 6, 384]
p2 = [6, 7, 372]
(R*p2+t) = [-38.38110101530089;
 6.755714114661941;
 383.6164502523337]

p1 = [-52, 2, 382]
p2 = [-7, 2, 367]
(R*p2+t) = [-52.08571718998444;
 1.347131364224236;
 382.2269438161235]


